2.02287367d+02 1.49869955d+02 1.80218475d+02
1.46867291d+02 7.79166179d+01 1.55721521d+02
1.74836376d+02 8.89143657d+01 1.82450118d+02
2.68302992d+02 9.64163903d+01 6.55884104d+01
1.49965422d+02 9.29897551d+01 2.11173988d+02
1.46018539d+02 1.43722467d+02 3.58052885d+02
1.07354520d+02 1.66752637d+02 1.02247879d+01
1.16606021d+02 1.29608609d+02 3.47477460d+02
7.44322714d+01 9.25503179d+01 1.50796765d+02
7.64972043d+01 9.93088886d+01 2.25693289d+02
6.56909355d+01 1.00897838d+02 3.45938211d+02
2.09095475d+02 1.69138030d+02 1.31178950d+02
4.80932669d+01 3.30580447d+01 1.83242268d+02
3.25176720d+02 2.22192842d+01 1.17989660d+02
2.34774262d+02 1.56959482d+02 3.35080114d+01
9.85731708d+01 7.38743431d+01 1.49569483d+02
3.50682402d+02 8.13566836d+01 3.94632622d+01
7.77559806d+01 1.04509112d+02 1.69952588d+02
2.44297145d+02 1.48869789d+02 1.93776069d+02
1.70110791d+02 9.95828787d+01 1.94723920d+02
3.27123287d+02 5.84806895d+01 8.80631089d+01
3.43121208d+02 2.15733528d+01 8.72407324d+01
2.07284346d+02 1.39416970d+02 8.88413373d+01
1.05658309d+01 2.82643462d+01 5.60092339d+00
1.53694055d+02 1.45034807d+02 3.95439918d+00
2.27285993d+02 9.25606490d+01 2.39825507d+02
1.07542471d+02 9.04902229d+01 2.31915625d+02
1.57494806d+02 1.46926747d+02 1.29655986d+01
2.83440264d+02 1.41929840d+02 2.71133228d+02
3.32533553d+02 1.07609932d+02 9.07370251d+01
2.85968216d+02 8.94535068d+01 6.77438257d+01
2.00591593d+02 1.37029215d+02 8.72033083d+01
2.43011344d+02 8.90128277d+01 2.41861344d+02
1.58031871d+02 1.66134609d+02 3.07484613d+02
1.51284427d+02 1.41777206d+02 3.57752992d+02
1.66724687d+00 2.36548732d+01 1.22912776d+01
1.45817104d+02 8.96608515d+01 1.21502676d+02
2.00753829d+02 1.37034078d+02 8.73583906d+01
2.52534726d+01 8.04932126d+01 4.84158613d+01
9.03720082d+01 1.52369842d+02 3.45378042d+02
1.94517260d+02 1.38191363d+02 8.90148239d+01
2.45507492d+02 1.66742987d+02 1.71638912d+02
2.81803860d+02 9.72148766d+01 2.03567636d+02
1.97363810d+02 1.57652251d+02 1.40114881d+00
2.29974325d+02 1.37124618d+02 1.73476484d+02
1.42131864d+02 8.24151918d+01 1.49242055d+02
1.46041710d+02 6.90400257d+01 1.53733189d+02
8.10341655d+01 9.51508943d+01 3.44604632d+02
1.70476277d+02 8.78048797d+01 1.71339345d+02
4.62286653d+01 2.81829731d+01 2.69349245d+02
2.35382627d+02 1.48544547d+02 1.79587321d+02
2.01926443d+02 1.22899479d+02 9.97650724d+01
2.19303509d+02 1.26391635d+02 8.40688784d+01
2.35419354d+01 8.00972304d+01 1.13426920d+01
3.38482938d+02 3.04915275d+01 2.15538520d+02
2.33701037d+02 1.44897719d+02 1.82542386d+02
3.02659390d+02 1.51565086d+02 7.92881707d+01
3.10458279d+02 8.00278006d+01 3.84038242d+01
1.76707392d+02 1.00835686d+02 1.85587389d+02
9.04138233d+01 1.22468542d+02 1.71787789d+02
2.94773141d+01 2.34112189d+01 3.01707513d+02
2.05222777d+02 1.40283485d+02 8.30561421d+01
3.50282793d+02 1.43618826d+02 2.77954273d+02
1.92636289d+02 9.88952810d+01 1.94226060d+02
3.38454355d+02 1.61032188d+02 2.60833343d+02
1.42630829d+01 9.34876208d+01 1.63574742d+02
1.85621041d+02 1.50558399d+02 3.06334814d+02
3.55160950d+02 1.09641274d+02 1.00828421d+02
2.03247484d+02 1.53855022d+02 1.28977899d+01
3.12702444d+02 1.49600590d+02 8.36089384d+01
2.09043324d+02 1.53357630d+02 1.92200018d+02
3.38474930d+02 8.86777402d+01 5.90882520d+01
3.33697978d+02 8.90211139d+01 6.17085719d+01
1.84514379d+02 1.51338194d+02 1.79947879d+02
3.51938126d+02 7.42566703d+01 1.69869604d+01
1.87921999d+02 1.44329068d+02 1.86938549d+02
1.75491326d+02 9.61258219d+01 1.72450554d+02
1.07007569d+02 9.03358546d+01 3.53051763d+02
3.12135375d+01 2.77060307d+01 1.77100801d+02
2.17380023d+02 1.28678134d+02 1.77501521d+02
3.36068286d+02 1.16890902d+02 1.01835794d+02
1.64061723d+02 9.03163748d+01 1.70399635d+02
9.89969637d+01 1.59761903d+02 2.02255091d+02
3.16091405d+02 9.11330292d+01 5.52765426d+01
3.01544177d+02 3.51776889d+01 1.45782772d+01
2.29908934d+01 8.14816242d+01 9.85780406d+00
2.23770754d+01 8.20445032d+01 2.17054928d+01
1.74927184d+02 8.75545842d+01 1.54436512d+02
1.72816829d+01 3.67006473d+01 2.24352702d+00
3.39913378d+02 8.55556460d+01 6.64495550d+01
3.02826707d+02 4.17294419d+01 2.75602103d+02
1.39587509d+02 1.35882444d+02 3.51628641d+02
2.43563688d+02 9.64176940d+01 2.41334460d+02
3.03569134d+02 8.41529834d+01 3.88329842d+01
2.69547844d+02 9.37163251d+01 2.22172252d+02
1.52503662d+02 1.03682089d+02 2.05647467d+02
1.53973743d+02 9.45004977d+01 1.45385609d+02
3.06972311d+02 8.79886292d+01 3.94743349d+01
1.60316271d+02 3.74799152d+01 2.09659013d+02
2.07338551d+02 1.41230657d+02 1.72036202d+02
1.92525440d+02 9.88362063d+01 1.94144292d+02
9.37357697d+01 9.71529322d+01 3.44849059d+02
1.97706963d+02 1.26445002d+02 9.09583862d+01
3.35217709d+02 3.13991360d+01 3.45784499d+02
3.32898895d+02 4.08225477d+01 2.05817913d+00
2.22521606d+02 1.35888391d+02 8.09024830d+01
3.44080833d+02 7.92688607d+01 1.15288295d+02
1.75399222d+02 8.60732352d+01 1.48722295d+02
2.35343715d+02 1.38242597d+02 7.99156476d+01
1.84330617d+01 8.41687829d+01 1.17921893d+02
8.58247588d+01 9.21078318d+01 1.81079308d+02
2.58765714d+02 8.72940052d+01 1.60561195d+02
2.19217681d+02 1.30960648d+02 9.41773017d+01
1.59940609d+02 1.02937817d+02 1.94156181d+02
9.70038317d+01 1.51627968d+02 3.46979351d+02
2.78202614d+02 8.76364596d+01 4.10546830d+01
8.71257576d+00 3.82662194d+01 2.74308887d+02
1.21007394d+02 1.29578243d+02 2.72350984d+02
4.61050430d+01 1.07530903d+02 3.40802465d+02
8.43454001d+01 8.94943460d+01 1.73116242d+02
3.13166509d+02 1.17901480d+02 9.77247907d+01
8.42546416d+01 8.97844686d+01 3.53051248d+02
7.87869733d+01 1.35986969d+02 3.47100426d+02
1.79765023d+02 9.79852099d+01 1.92949771d+02
9.30393688d+01 9.96434981d+01 3.53055489d+02
1.58499306d+02 9.13422286d+01 2.10979721d+02
1.78916208d+02 9.08992947d+01 1.57572928d+02
1.25239264d+02 1.53678482d+02 6.40413585d+01
2.06757471d+02 7.22300444d+01 1.70738922d+02
1.07947129d+01 2.83737564d+01 1.81917897d+02
1.21163689d+00 1.02347857d+02 8.58941267d+01
1.68146621d+02 1.10921589d+02 1.99411627d+02
1.74235112d+02 1.01346757d+02 1.95846551d+02
2.81596519d+02 8.43390099d+01 6.44891774d+01
3.33545960d+02 8.42868299d+01 6.64264054d+01
7.71246458d+01 5.28376551d+01 1.67540367d+02
3.39383681d+02 8.83261288d+01 5.83379463d+01
9.38943417d+01 9.22946435d+01 3.42939800d+02
8.04326797d+00 7.25773917d+01 4.77710095d+01
1.19637916d+02 1.28968101d+02 1.60316780d+00
5.28748776d+01 4.88614397d+01 1.61365842d+02
1.72396313d+02 9.75572416d+01 1.82494536d+02
2.40192158d+02 2.65861435d+01 1.78942960d+02
1.62255042d+02 9.27431045d+01 1.84601025d+02
1.68782881d+02 7.88739260d+01 1.67478920d+02
2.45879271d+02 8.76346702d+01 2.17258060d+02
1.22613864d+02 1.41569455d+02 3.58511949d+02
3.33721222d+02 8.89679423d+01 6.17570203d+01
8.37855125d+01 9.55878547d+01 2.31809313d+02
6.43983996d+01 2.16550421d+01 7.69547100d+01
1.67915010d+02 9.35155441d+01 2.06525908d+02
6.73515596d+00 1.01623050d+02 1.01736324d+02
1.04618109d+02 9.84656251d+01 8.50123285d+00
8.62377205d+00 8.40602444d+01 6.48818782d+01
1.97932397d+02 1.48243269d+02 4.11819515d+00
1.44993158d+02 1.43193468d+02 1.95896636d+02
1.23436923d+01 8.71113184d+01 2.46278040d+00
1.69168810d+02 1.50527779d+02 2.52780728d+02
1.53065241d+02 5.22100978d+01 9.82357676d+01
1.91020517d+02 1.51694543d+02 3.58186153d+02
1.37832402d+01 2.15298081d+01 2.02267595d+02
3.09261986d+02 1.43923236d+02 2.40258122d+02
8.33365998d+01 1.44173856d+02 3.51161758d+02
1.54386175d+02 1.49839725d+02 3.47877518d+02
2.66839486d+02 1.07619632d+02 7.05019891d+01
1.76081823d+02 1.15489086d+02 2.16072216d+00
8.13621771d+01 1.09021568d+02 3.49728146d+02
1.48879130d+02 1.03053538d+02 2.03529231d+02
3.22769516d+02 4.48755219d+01 2.76084682d+02
7.38745296d+01 4.72605193d+01 1.75899889d+02
1.04515442d+02 1.42101207d+02 3.51359663d+02
1.67498777d+02 9.83307500d+01 1.86716768d+02
5.63277511d+01 2.55247859d+01 1.68212868d+02
9.30265778d+01 9.13594763d+01 2.20582679d+02
1.74469655d+02 9.95755296d+01 1.91920182d+02
1.74271624d+02 1.01310784d+02 1.95733683d+02
6.16058690d-01 8.49787024d+01 3.48545455d+02
3.34277142d+02 1.11407886d+02 1.12384178d+02
1.27611190d+02 1.68968116d+02 1.09101097d+02
2.67164420d+02 1.07272151d+02 7.06836703d+01
2.51397575d+02 2.86257896d+01 8.62205800d+01
2.73366528d+02 6.80424512d+01 2.50038556d+02
4.74046627d+01 6.95883471d+01 2.94541369d+01
1.49275845d+02 1.46750796d+02 2.70795021d+02
2.84580769d+02 8.78693919d+01 5.80626080d+01
9.97793233d+01 4.91550353d+01 1.76970282d+02
5.83609617d+01 1.10902236d+02 3.41607670d+02
3.19981780d+02 7.79119214d+01 3.54830263d+02
2.42255148d+02 1.26922872d+02 2.69482647d+02
1.44712975d+02 1.48236551d+02 1.96887964d+01
2.64029449d+02 1.08506506d+02 2.38555508d+02
1.34968249d+02 1.23602503d+02 2.61090894d+02
1.72116818d+02 1.76219651d+02 6.85263889d+01
1.19381491d+02 1.26487945d+02 3.48717175d+02
3.36685793d+02 2.38449641d+01 1.29341636d+02
2.32577088d+02 1.44064807d+02 8.09062573d+01
6.68579607d+01 8.49029529d+01 2.18919578d+02
2.98158936d+02 8.90210136d+01 2.42094885d+02
1.58336997d+02 9.95789500d+01 2.05632429d+02
1.04271285d+02 1.59909626d+02 4.85827244d+01
1.78240431d+02 8.54298652d+01 1.68085214d+02
1.49712436d+02 1.32997387d+02 2.66324672d+02
1.40248844d+02 1.32712343d+02 3.52186095d+02
3.34743293d+02 2.31410518d+01 1.18981848d+02
1.28031664d+02 1.39955295d+02 2.52857281d+02
1.46197809d+02 1.53257215d+02 2.71578915d+02
1.68642107d+02 8.51410409d+01 1.61321251d+02
2.28825327d+02 1.71464223d+02 3.64951453d+01
2.76445177d+02 3.88663216d+01 7.54222790d+01
1.56421116d+02 1.56130310d+02 3.20490858d+02
3.39893168d+02 1.19968850d+02 9.79256631d+01
1.68426792d+02 8.17911920d+01 1.60654262d+02
2.32635671d+02 1.44098152d+02 1.70967035d+02
3.12142644d+02 1.46266811d+02 2.63717320d+02
7.40687674d+01 4.71812912d+01 1.75563946d+02
3.24350375d+02 3.34487844d+01 2.81085324d+02
3.54236419d+02 7.87120621d+01 3.44352919d+02
1.57104151d+02 1.84831521d+01 1.14411125d+02
2.54808501d+02 1.02181946d+02 7.64888833d+01
2.67761261d+02 1.57730290d+02 7.35278139d+01
2.05008321d+02 1.62967869d+02 2.87836438d+01
1.56058032d+02 1.06027248d+02 2.01975761d+02
3.35311232d+02 2.83386301d+01 2.57509941d+02
2.97027298d+02 9.93635573d+01 2.18169205d+02
3.58818157d+01 3.19926689d+01 2.68677417d+02
3.19939568d+02 4.69367988d+01 2.78261868d+02
1.13441257d+02 1.29128093d+02 3.37761114d+02
1.28009855d+02 1.68962224d+02 1.93347580d+01
3.31249548d+02 3.52064138d+01 8.65444888d+00
1.14222916d+02 1.05997989d+02 3.49226987d+02
3.31682559d+02 2.43275456d+01 3.01265507d+02
2.55732384d+02 1.69435643d+02 7.60290086d+01
1.86835707d+02 1.00571545d+02 2.11640673d+02
1.41493579d+02 1.41033972d+02 1.39586286d+01
3.36577011d+02 3.38109313d+01 2.67320812d+02
1.84980205d+02 9.35399900d+01 1.90080713d+02
3.30961111d+02 3.33437259d+01 2.71647086d+02
2.16062297d+02 1.13864360d+02 1.95459937d+02
1.93478496d+02 1.59797684d+02 1.03368874d+02
2.04161785d+02 1.29126858d+02 8.69364432d+01
1.71513387d+02 1.24593897d+02 2.66115323d+02
2.49187976d+02 1.32338241d+02 2.66075937d+02
1.38548911d+01 8.88864753d+01 1.48963142d+02
1.88923035d+01 9.37845423d+01 1.00174609d+02
3.47066251d+02 7.95758352d+01 5.73899414d+00
1.98395363d+02 1.58170976d+02 6.54623544d+01
1.68707436d+02 8.02487041d+01 2.58209289d+02
6.39879820d+00 8.42480783d+01 1.17448216d+00
2.91923404d+02 1.88270570d+01 1.40801891d+02
1.94918940d+02 1.42873489d+02 1.64868257d+02
2.62636396d+02 1.08476830d+02 6.57909546d+01
3.12131457d+02 1.27755988d+01 2.99305125d+02
1.69987742d+02 1.69275921d+02 4.35165255d+00
2.89011171d+02 2.09483300d+01 1.47776061d+02
1.66018096d+02 9.28595907d+01 1.72619785d+02
2.78033586d+02 7.58036640d+01 3.42144906d+01
9.13574929d+01 1.01848113d+02 3.42486989d+02
2.51670905d+02 8.94825881d+01 3.71690504d+01
6.45971677d+00 7.42103826d+01 2.24808133d+00
1.70441690d+02 9.08144986d+01 1.71828001d+02
4.06067654d+01 1.35860847d+01 2.74934256d+02
1.64158299d+02 1.24046680d+02 2.52956931d+02
7.62837382d+01 9.34133472d+01 1.63797780d+02
1.83771047d+02 9.83398227d+01 1.99544386d+02
3.44141941d+02 2.41639417d+01 1.71028399d+02
2.06053385d+02 1.45764846d+02 6.55599874d+01
3.96299509d+01 7.24695211d+01 3.79551881d+01
2.28930463d+02 1.37938942d+02 1.76960227d+02
1.41269999d+02 1.47663049d+02 2.69401648d+02
1.82894689d+02 1.57269968d+02 3.44370144d+02
2.25322984d+02 9.35200914d+01 2.20586471d+02
3.54780508d+02 8.99273905d+01 5.19639356d+01
3.11718596d+02 8.40316633d+01 5.02884398d+01
2.32345611d+02 1.68065407d+02 1.57862791d+02
1.50052053d+02 1.63699699d+02 3.20002303d+02
2.25927839d+02 8.59069093d+01 2.25529178d+02
2.50786843d+02 1.38174710d+02 1.94584107d+02
1.60193398d+02 1.04031449d+02 2.06499247d+02
2.38564729d+00 3.18410487d+01 2.09084740d+02
3.43873004d+02 4.17053449d+01 2.76332643d+02
1.89971284d+01 9.36628301d+01 1.00290294d+02
1.63835166d+02 9.98470345d+01 2.00688846d+02
1.70180204d+02 9.02581017d+01 1.61032179d+02
3.31105969d+02 7.98708074d+01 4.26024449d+01
2.83520146d+02 2.17121656d+01 1.55719102d+02
1.51760492d+02 1.32096806d+02 4.91576118d+00
1.64712267d+02 1.00440616d+02 2.36773804d+02
3.25687420d+02 1.83337033d+01 1.02172603d+02
3.50066326d+02 3.37707054d+01 2.36895668d+02
4.24646939d+01 9.14563032d+01 1.51423877d+02
3.38305569d+02 6.99796258d+01 2.67089485d+01
1.74659846d+02 8.92281214d+01 1.63457790d+02
3.41497514d+02 1.57553837d+01 9.38206839d+01
1.28824925d+02 8.88524826d+01 2.29094667d+02
3.08812628d+02 5.16344904d+01 2.62006796d+02
3.36140395d+02 5.49718455d+01 2.69311570d+02
3.42066302d+02 1.92564494d+01 9.43220725d+01
3.48893158d+02 2.22119248d+01 1.43709058d+02
3.04022743d+02 3.39250822d+01 3.50514048d+02
3.25528944d+02 1.94566396d+01 1.20235506d+02
1.63670485d+02 1.68439153d+02 2.40447823d+02
2.91578169d+02 8.74631259d+01 2.42326839d+02
1.78301538d+01 9.21780561d+01 3.33107538d+02
8.28898021d+01 9.69273424d+01 1.67965977d+02
2.47821891d+00 3.17880653d+01 2.08962554d+02
8.98035783d+01 1.02318523d+02 3.39830177d+02
1.26929285d+02 1.31376654d+02 3.51231379d+02
3.48465361d+02 8.62956847d+01 3.28573056d+02
1.32070032d+02 1.30554399d+02 3.55411435d+02
3.44076333d+02 9.49945317d+01 7.88546193d+01
2.70743957d+02 8.85709635d+01 5.65448847d+01
6.85493204d+01 8.56838257d+01 1.71020195d+02
1.68487360d+02 8.97951450d+01 1.58371145d+02
6.35367248d+01 5.01144394d+01 1.77222638d+02
3.28678316d+01 8.57083300d+01 1.42985315d+02
3.22131888d+02 9.16559449d+01 5.26779949d+01
1.48202180d+02 1.02492364d+02 2.00785870d+02
1.68532554d+02 9.39968359d+01 2.11473025d+02
3.49498889d+02 8.01375374d+01 3.57750092d+02
2.63124166d+02 1.08637018d+02 6.62454875d+01
2.86697760d+02 9.82308814d+01 5.68345535d+01
1.64203805d+02 1.06757838d+02 2.08257208d+02
8.03309917d+01 1.58527955d+02 2.00468171d+00
1.11593461d+02 8.63328222d+01 2.15445039d+02
2.78958905d+02 9.97640052d+01 6.20206870d+01
2.04608500d+02 1.48102325d+02 5.07147339d+01
3.33361841d+02 8.93408795d+01 5.64992217d+01
2.02245618d+02 2.67069174d+01 1.18431210d+02
3.20779681d+02 1.48038250d+02 8.13538216d+01
1.70838026d+02 1.60989518d+02 3.39064389d+02
1.07929265d+02 8.46275399d+01 2.23942768d+02
2.16191465d+02 1.34177940d+02 8.53044481d+01
1.57839033d+02 1.10902402d+02 1.38827546d+01
2.91754951d+01 3.12869637d+01 1.89348876d+02
1.31030900d+02 1.61754144d+02 2.96741785d+02
2.97324832d+02 8.80108692d+01 5.95529692d+01
2.31277323d+02 9.62515636d+01 2.27343118d+02
2.59159671d+02 1.44279260d+02 1.91469019d+02
2.86087776d+02 2.67603333d+01 1.59920752d+02
7.07424483d+01 1.02317945d+02 1.54628641d+02
2.63358565d+02 1.59282399d+02 1.78170010d+02
2.26930654d+02 1.41180916d+02 1.85234499d+02
1.85980462d+02 1.51825405d+02 1.85490037d+01
2.91509176d+02 1.46475937d+02 2.58555517d+02
2.60396792d+02 8.27000106d+01 3.62967567d+01
2.40045721d+02 1.27692239d+02 2.67020707d+02
7.98264860d+01 1.08225844d+02 3.36985148d+02
2.36582668d+02 1.44284949d+02 1.97678600d+02
1.80098134d+02 9.82218358d+01 1.92909455d+02
2.33068220d+02 8.35798772d+01 1.63781095d+02
1.85727590d+02 1.40774366d+02 9.28775758d+01
1.01777928d+02 1.04838088d+02 3.25771279d+02
1.51643255d+02 1.65468859d+02 3.29287242d+02
1.30430509d+02 1.37670592d+02 3.56509042d+02
1.07591446d+02 1.14900663d+02 3.49160329d+02
1.87646631d+02 9.87939335d+01 2.03373306d+02
5.70554940d+01 9.03448739d+01 3.07189736d+02
1.51130867d+02 1.64081001d+02 3.20719246d+02
2.93558684d+02 1.36138085d+02 2.64257785d+02
1.67774440d+02 8.47517778d+01 1.54746765d+02
2.27839371d+02 1.54284453d+02 8.57033278d+01
2.90493888d+02 1.54493669d+02 9.01748841d+01
2.98269734d+02 4.53499962d+01 2.09410822d+00
2.97074978d+02 8.77455320d+01 2.39713284d+02
8.45791298d+01 3.17521650d+01 1.72820303d+02
3.21067429d+02 1.88870763d+01 1.46065759d+02
3.25788853d+02 1.84766488d+01 1.02324598d+02
1.86643273d+02 9.82245781d+01 2.24472198d+02
2.91458570d+02 1.46427342d+02 7.84260280d+01
2.42015104d+02 1.37834222d+02 7.85797133d+01
3.50829592d+02 8.17832150d+01 3.25774599d+01
2.08461783d+01 9.08411244d+01 1.72287890d+02
2.73287064d+01 1.07549940d+02 1.82608136d+02
3.02572770d+01 2.84568145d+01 1.83062429d+02
1.01394301d+02 1.42270240d+02 3.44193341d+02
2.03284238d+01 8.96796545d+01 1.54663550d+02
6.06302101d+01 8.63660729d+01 2.08439112d+02
1.78293255d+02 9.08882518d+01 1.69028338d+02
1.98962665d+02 1.47793418d+02 7.53160578d+01
2.24605727d+02 9.49712937d+01 2.23180118d+02
1.12859380d+02 1.15198856d+02 1.86246534d+02
1.61600268d+02 8.89191981d+01 1.63700281d+02
2.66041196d+02 9.62835583d+01 2.32240178d+02
6.40952344d+01 3.24963076d+01 1.75422986d+02
3.29560200d+02 3.20162467d+01 1.81197708d+02
6.96073404d+00 8.21814200d+01 3.58030008d+02
2.42408757d+02 3.44593749d+01 9.91341537d+01
1.71587597d+02 1.88505028d+01 1.78154688d+02
3.35727977d+02 3.63350696d+01 2.22265667d+02
3.43499798d+02 2.82929192d+01 2.40068967d+02
2.08208090d+01 7.06759496d+01 3.18233626d+01
2.76934741d+02 4.67934727d+01 8.20147084d+01
7.24410753d+01 5.42939581d+01 1.63864408d+02
2.34529674d+02 1.53587490d+02 4.34606758d+01
7.19171353d+01 1.04733373d+02 1.60781675d+02
2.38831790d+02 3.51155412d+01 9.66222794d+01
1.90028640d+02 1.49744555d+02 7.37189492d+01
2.51647580d+02 1.35608066d+02 2.58138939d+02
9.51817185d+01 9.79315769d+01 3.50460300d+02
2.58972750d+01 3.33140584d+01 1.80432914d+02
1.00995904d+02 1.09966170d+02 1.38770267d+02
2.43393728d+01 3.01201467d+01 1.99660029d+02
2.96377994d+02 9.14858216d+01 4.75031485d+01
3.43429319d+02 2.83368640d+01 2.39992323d+02
8.89390382d+01 8.17281667d+01 2.30238902d+02
2.81754830d+02 8.13959900d+01 3.02019285d+01
1.98774258d+02 8.66230806d+01 1.58563012d+02
5.46263102d+01 2.98095071d+01 1.79539481d+02
3.26332405d+02 8.05569367d+01 5.46321922d+01
9.22683785d+01 9.83418379d+01 3.50847406d+02
7.23184900d+01 8.13618954d+01 2.12835097d+02
2.42660813d+02 9.59562871d+01 7.11216811d+01
4.67895299d+01 2.74465422d+01 2.70616514d+02
3.17763106d+01 1.48831265d+02 9.34740339d+01
1.80435707d+02 1.01641274d+02 1.92971488d+02
7.71437956d+01 9.91088434d+01 1.55894564d+02
2.89871497d+02 2.12012003d+01 6.19240377d+01
3.04844944d+02 8.49824118d+01 2.47890784d+02
2.42397394d+02 3.44468044d+01 9.91001377d+01
3.08182390d+02 3.37554028d+01 3.58452439d+02
2.09127019d+02 9.55501774d+01 1.55292064d+02
9.40698366d+01 1.57060745d+02 3.50283829d+02
1.69846501d+02 8.67384069d+01 1.60823162d+02
5.31564718d+01 3.45258387d+01 1.72182568d+02
3.21743744d+02 2.23325862d+01 3.05050018d+01
1.53445105d+02 8.31952960d+01 1.60384067d+02
4.08076130d+01 8.69942591d+01 1.36566387d+02
9.67998758d+00 1.51507640d+01 2.16316312d+02
3.11354982d+02 3.89665587d+01 3.57932011d+02
1.71283536d+02 8.25125842d+01 1.58925027d+02
2.82350314d+02 8.21930302d+01 4.81067440d+01
7.66508330d+01 1.90790754d+01 2.50530771d+02
2.32738086d+02 8.08061545d+01 2.37003637d+02
1.48943693d+02 1.72815885d+02 6.36778937d+01
3.11784047d+02 9.29289884d+01 5.40319306d+01
1.66742120d+02 9.41049857d+01 1.77488305d+02
1.20508911d+02 1.70164721d+02 5.10529820d+01
3.55297027d+02 2.60419290d+01 1.88501011d+02
1.21720161d+02 1.63460777d+02 5.55369853d+01
3.15829207d+02 1.98654107d+01 1.07588535d+02
1.77404176d+02 1.54245018d+02 2.63442761d+02
8.03535606d+01 8.97211323d+01 2.23579469d+02
3.51790079d+02 3.06075378d+01 2.08732649d+02
2.43910422d+02 1.67740484d+02 1.50470479d+02
1.90180262d+02 1.50189982d+02 1.55808320d+02
3.53816620d+02 2.58944445d+01 1.86219758d+02
1.75538871d+01 9.39847152d+01 1.52020377d+02
2.97685955d+02 1.55174133d+02 2.44591805d+02
3.51057131d+02 2.49531571d+01 1.93612214d+02
8.14215226d+01 8.26710313d+01 2.20577484d+02
2.49940292d+02 1.22587693d+02 2.65161366d+02
1.53219237d+02 1.04468947d+02 2.14323752d+02
1.50454873d+02 1.35081445d+02 3.51282735d+02
2.86092544d+02 1.32389864d+01 1.67783546d+02
2.24366992d+02 1.41509408d+02 7.77645112d+01
2.51204931d+02 1.57466935d+02 6.27004805d+01
3.07152647d+02 9.04189726d+01 5.93464337d+01
1.07823329d+01 1.66315110d+02 1.23378018d+02
1.34227615d+02 1.70457992d+02 5.76203000d+01
1.23498929d+02 1.60536209d+02 4.40427725d+01
7.04956831d+01 1.10859934d+02 3.55175040d+02
2.62513481d+02 1.48918665d+02 2.64491812d+02
1.47054484d+02 9.94410846d+01 2.00993381d+02
3.53471425d+02 1.69709376d+01 2.13713602d+01
2.58608383d+02 1.39408085d+02 1.92207387d+02
3.04683727d+02 1.44504245d+02 2.48851331d+02
1.13946885d+02 8.74995020d+01 2.28883702d+01
3.17048766d+01 1.06204365d+02 3.37778823d+02
3.33241401d+02 8.71793244d+01 6.10287428d+01
2.68327542d+02 9.36823123d+01 4.27196301d+01
1.72605983d+02 8.36076731d+01 1.64651801d+02
1.15620558d+02 9.11859477d+01 1.35681780d+02
1.77222233d+02 9.14173532d+01 1.74432574d+02
2.21584228d+02 1.52325746d+02 1.60243587d+02
7.80179200d+01 9.94308324d+01 1.80274082d+02
2.24199519d+02 1.31390136d+02 9.50870306d+01
4.49436231d+01 7.64390558d+01 2.08849591d+01
3.15934280d+02 4.53020338d+01 3.28693255d+02
3.09815412d+02 3.69620027d+01 7.16819343d+01
1.71213168d+02 1.49407016d+02 6.06321598d+01
3.11369917d+02 4.23161675d+01 2.15982265d+02
2.58294023d+02 4.19110944d+01 1.56922845d+02
5.42522504d+01 3.42440193d+01 1.81413776d+02
1.84225316d+02 8.72909863d+01 1.67027195d+02
7.53000932d+01 7.86612099d+01 1.67004412d+02
2.99276558d+02 5.50460295d+01 2.71056830d+02
2.68403751d+02 2.28957558d+01 1.50035875d+02
1.19230275d+02 1.42843798d+02 3.14026206d+00
3.13902357d+02 1.96990461d+01 3.10964142d+01
2.08184430d+01 2.35299989d+01 1.56005075d+02
2.64048938d+02 9.17761699d+01 2.04904171d+02
8.31938209d+01 9.73038328d+01 1.78259243d+02
1.50858743d+02 1.34897906d+02 3.51793877d+02
1.81256073d+02 9.03942746d+01 1.67536376d+02
6.38265888d+01 9.64482417d+01 3.11901808d+02
3.42045161d+02 7.44978391d+01 6.92686264d+01
1.76573428d+01 7.19863975d+01 1.87146709d+01
8.97514558d+01 1.00905835d+02 3.44612126d+02
2.10122710d+02 9.07315190d+01 2.14546525d+02
1.41877664d+01 8.73347649d+01 1.45544593d+02
1.81200102d+02 1.64997365d+02 6.37410613d+01
8.89934316d+01 9.51114060d+01 1.63557979d+02
2.86628328d+02 4.05442596d+01 1.78901672d+02
1.19384321d+02 1.42629455d+02 3.22043384d+00
3.49484225d+02 1.38735264d+02 9.46119904d+01
2.99093743d+01 8.48580861d+01 4.03302700d+01
2.09751274d+02 9.07619808d+01 1.25213298d+02
8.67916281d+01 9.14763028d+01 2.27633302d+02
2.40460263d+02 1.48782629d+02 8.07722104d+01
1.03512225d+02 7.62633825d+01 3.52037757d+02
9.94868950d-01 8.95013629d+01 1.02442604d+02
1.96323980d+02 1.00709538d+02 2.15230998d+02
2.61740900d+02 1.57771337d+02 1.02131077d+02
3.01120875d+02 4.90930816d+01 8.11523670d+00
2.93019369d+02 4.48505067d+01 1.91645899d+02
9.98933481d+01 9.18038040d+01 1.62673631d+02
3.75246467d+00 8.36301100d+01 1.22325315d+02
2.62063227d+02 3.08104126d+01 5.45064734d+01
2.77849354d+02 9.96726361d+01 2.36712575d+02
2.10806259d+02 1.56364671d+02 1.39333988d+01
2.21729095d+02 1.03836413d+02 2.36164771d+02
2.08916382d+02 1.03206561d+02 2.28407944d+02
1.71875431d+02 8.29574642d+01 1.70589631d+02
1.75027564d+02 1.02977715d+02 1.76527864d+02
1.70549374d+02 8.63298346d+01 1.65301488d+02
7.56847229d+01 8.27315782d+01 2.26957242d+02
2.85658994d+02 9.94905804d+01 2.35064011d+02
1.74131553d+02 1.62394194d+02 3.41097870d+02
1.74221939d+01 9.61170169d+01 1.23271526d+02
1.67535865d+02 9.66945552d+01 9.90107535d+01
3.39461705d+02 1.15575230d+02 9.09864017d+01
1.86514547d+02 1.63349312d+02 3.20937469d+02
2.65366720d+02 2.14499779d+01 2.02217786d+02
1.25220564d+02 1.53169454d+02 2.62523666d+02
2.25315754d+02 1.17397848d+02 2.01298855d+02
1.15605634d+02 3.13206264d+01 1.31043857d+02
2.58551200d+02 9.11858116d+01 5.02534084d+01
2.30456603d+02 1.33998266d+02 8.42023663d+01
1.47253421d+02 1.28953923d+02 3.54438304d+02
1.61149971d+01 7.50862811d+01 4.78795995d+01
2.72639248d+02 3.43885353d+01 2.35704275d+02
3.04579671d+02 9.62293416d+01 7.21291082d+01
2.94212588d+02 9.30969640d+01 2.28043440d+02
8.73575158d+01 1.16354361d+02 3.47329650d+02
1.19263116d+02 1.45238351d+02 2.14629007d+02
2.11034209d+02 1.41749933d+02 8.42690837d+01
4.99335090d+01 4.61558927d+01 1.86434714d+02
2.46982170d+02 1.41310373d+02 2.51709292d+02
3.43064056d+02 1.98759736d+01 1.07246586d+02
1.82188446d+02 2.89487898d+01 8.05266043d+01
3.30577297d+02 8.92042741d+01 4.61652894d+01
1.36798313d+01 9.45483008d+01 3.06417537d+02
1.73645144d+02 9.00186343d+01 1.80457370d+02
2.04029785d+01 2.81407709d+01 1.73830740d+02
2.04364190d+02 1.60251214d+02 1.01143360d+01
7.54312529d+01 9.64895687d+01 3.48909065d+02
2.02701163d+01 2.80699472d+01 1.73948304d+02
2.97505867d+02 5.51908424d+01 9.14003999d+01
3.56719218d+02 8.13190529d+01 1.17438614d+01
2.18254690d+02 1.47451087d+02 7.30400109d+01
7.67522039d+01 9.53810818d+01 3.34866425d+02
1.83157277d+02 1.01500221d+02 2.07206871d+02
2.08044882d+02 6.36297032d+01 1.78401717d+02
3.13786516d+02 9.84457577d+01 6.68167689d+01
8.85752477d+01 8.54224424d+01 1.57228720d+02
2.97376341d+02 8.67577581d+01 5.27619209d+01
2.14392850d+02 1.53650822d+02 7.59381902d+01
4.30856591d+01 9.50593387d+01 1.36877983d+02
3.01832424d+02 4.17802543d+01 2.05301563d+00
2.60596017d+02 7.39024645d+01 2.43333978d+02
3.18069888d+02 9.43037198d+01 4.73910201d+01
4.85547889d+01 3.24221385d+01 1.70646392d+02
1.58381751d+02 7.64303663d+01 1.59132407d+02
2.29139069d+02 1.46626493d+02 1.81916965d+02
8.49593229d+01 9.99830659d+01 1.57023455d+02
2.32103808d+02 1.50603248d+02 8.92501301d+01
5.04873507d+01 3.26466863d+01 1.71715938d+02
3.25923466d+01 8.56033053d+01 1.40389893d+02
1.73078152d+02 8.12518721d+01 1.79584590d+02
1.52674926d+02 9.28267373d+01 1.91990471d+02
4.25430504d+01 2.92838345d+01 1.82459843d+02
2.91417832d+02 1.46607347d+02 2.69942499d+02
2.03697952d+02 9.21070789d+01 2.30017627d+02
1.90117543d+02 8.18271394d+01 1.57003788d+02
1.67406659d+02 8.98492906d+01 1.68226040d+02
1.73543583d+02 1.51770244d+02 2.48281917d+01
8.72428437d+00 2.57485779d+01 1.85391071d+02
2.96603127d+02 4.79922390d+01 2.73121504d+02
3.07522705d+02 2.92825676d+01 1.10806831d+01
9.34817399d+01 1.11600516d+02 3.37167088d+02
4.41872105d+01 9.57238327d+01 3.22855110d+02
1.77231825d+02 8.76146017d+01 1.50360625d+02
3.98575101d+01 8.41510587d+01 1.38953087d+02
2.08400052d+02 5.78661107d+01 1.77969641d+02
2.68241775d+02 2.81698959d+01 1.78508290d+02
3.91178235d+01 8.92154452d+01 1.36667023d+02
1.96212721d+02 9.80608866d+01 1.59873403d+02
1.63633577d+02 8.65325375d+01 3.49781483d+02
1.94291988d+02 1.64344276d+02 1.15537327d+02
2.32485554d+01 7.50753933d+01 1.65775706d+02
3.57486499d+02 7.71526458d+01 7.37246468d+00
2.83585164d+02 3.01212806d+01 1.69996595d+02
9.71585297d+01 1.62627396d+02 9.34321589d+00
4.95149697d+01 9.95039330d+01 1.43608308d+02
2.01020383d+02 1.51648528d+02 1.38422440d+01
2.89461755d+02 9.55200408d+01 5.50337503d+01
4.15414188d+01 9.40850137d+01 3.14396694d+02
2.15596948d+02 1.37589528d+02 9.48553574d+01
8.79758624d+01 1.61113403d+02 6.14563566d+00
1.51409213d+02 1.02092704d+02 2.14092840d+02
1.06738626d+02 1.17749526d+02 3.54596536d+02
1.77057061d+02 8.77547850d+01 1.50124044d+02
7.75646495d+01 3.55857326d+01 1.84461575d+02
1.81931879d+02 9.42804423d+01 1.76459708d+02
8.36816892d+01 8.89750539d+01 3.58414686d+02
1.79765332d+02 9.99117930d+01 1.88555683d+02
2.68599377d+02 4.20721782d+01 2.53242541d+02
2.51528235d+02 9.47753919d+01 2.15357885d+02
5.72918065d+01 4.39105796d+01 1.75408305d+02
6.22655446d+01 1.09995642d+02 3.35313406d+02
1.34090129d+01 9.00947298d+01 6.01454149d+01
3.15142600d+02 2.28219305d+01 2.06445484d+02
8.77950132d+01 1.07445972d+02 1.60310337d+02
2.27639085d+02 1.43687169d+02 1.85766382d+02
6.50627155d+01 2.97928635d+01 2.46076323d+02
2.49222791d+02 9.22872749d+01 2.27290654d+02
1.14319512d+02 1.62267213d+02 2.79347651d+01
1.72556708d+02 8.53137096d+01 3.48124282d+02
3.08157598d+02 1.15450532d+01 1.43313004d+02
3.42723227d+02 9.09683222d+01 1.27323694d+02
4.03163026d+01 9.85120353d+01 3.32667687d+02
1.79591214d+02 9.23722505d+01 1.79242497d+02
8.46144115d+01 1.22564252d+02 3.56023105d+02
1.96486169d+02 1.53438486d+02 7.57507182d+01
1.63528359d+02 8.63663609d+01 3.50148177d+02
2.11939729d+02 1.64970326d+02 2.87212179d+01
1.79306193d+02 8.44230329d+01 1.72514259d+02
1.57052663d+02 1.37242746d+02 3.56926146d+02
2.76702536d+02 7.66842532d+01 3.66215258d+01
4.48403610d+01 7.98630091d+01 1.70893477d+01
7.94489233d+01 1.56597530d+02 2.69389352d+02
6.93493023d+01 4.64354364d+01 1.94664377d+02
3.11464065d+02 1.43691729d+02 8.11440225d+01
1.01293589d+02 9.58130990d+01 3.33758603d+02
2.48111171d+02 1.58098043d+02 1.90404788d+02
3.54814396d+01 1.50557043d+01 1.23003296d+02
2.52003367d+02 9.78645375d+01 2.38772779d+02
2.35304340d+02 1.60947852d+02 1.76596485d+02
1.65139503d+02 1.01046097d+02 1.89884334d+02
1.45239899d+02 2.30460698d+01 1.75516317d+02
7.15189688d+01 8.52977093d+01 3.24653514d+02
1.19182840d+01 1.60820340d+02 3.09417092d+02
3.50508564d+01 8.34696662d+01 1.42739784d+02
3.42820268d+02 2.44111208d+01 1.86195068d+02
3.07456078d+02 1.11284858d+01 1.44013716d+02
2.71687924d+02 1.15493777d+02 2.24996738d+01
2.81408104d+02 8.39889474d+01 2.06385805d+02
5.59767329d+01 1.02671268d+02 1.32988496d+02
1.73089741d+02 9.82652484d+01 1.82980675d+02
1.32119894d+02 1.42796284d+02 2.67287862d+02
3.37090381d+02 4.26998624d+01 2.72974435d+02
3.28203794d+02 1.52962921d+02 2.57066607d+02
1.58527088d+02 1.00583543d+02 1.90946603d+02
1.34535465d+02 1.35039771d+02 3.58890454d+02
3.38198524d+02 1.96895098d+01 8.44844554d+01
2.76297308d+02 9.72539680d+01 2.35746867d+02
1.77546716d+02 9.47756606d+01 2.01355980d+02
1.63450590d+02 9.26373302d+01 2.26363828d+00
3.46913213d-01 8.80125626d+01 2.01768224d+02
8.22032883d+01 9.52789613d+01 1.42579413d+02
8.86270229d+01 1.38762228d+02 2.62436203d+02
3.16615037d+02 9.52965361d+01 6.11549700d+01
2.61080448d+00 7.99634673d+01 5.36556521d+01
9.54495986d+01 1.61114435d+02 1.10274967d+01
1.80396563d+02 9.18466331d+01 1.58243163d+02
1.15070775d+02 3.93481298d+01 2.10550540d+02
2.05632806d+02 1.51714490d+02 4.33068584d+01
3.41835916d+02 1.62171410d+02 2.68990149d+02
3.35291711d+02 8.64011218d+01 3.05495463d+02
8.39468192d+01 7.59398884d+01 1.74122292d+02
3.34466995d+02 9.82537003d+01 7.34392687d+01
3.00308706d+02 4.96186353d+01 8.19704887d+01
3.00028393d+02 4.63043464d+01 1.76173063d+00
2.26616824d+01 2.64552953d+01 1.80897321d+02
6.28032708d+01 1.56802859d+02 3.36092756d+02
6.91717664d+01 2.86858424d+01 1.73621756d+02
2.84831935d+02 3.57198783d+01 5.83968862d+01
2.74096672d+02 1.41569116d+02 2.60556202d+02
2.50503643d+02 9.13051050d+01 7.02732938d+01
2.22390536d+02 9.23692047d+01 3.85724520d+01
3.36996456d+02 1.86278128d+01 1.11314676d+02
3.35971132d+02 1.01039303d+02 8.19707986d+01
2.14623986d+02 1.49050574d+02 7.63668435d+01
2.30707977d+02 1.38355901d+02 1.91919715d+02
1.20699163d+02 1.33498242d+02 3.45401157d+02
1.55263952d+02 9.06556041d+01 1.70712584d+02
6.97328010d+01 2.54767695d+01 2.39331003d+02
2.13775248d+02 7.69467138d+01 1.60470797d+02
9.61608871d+01 1.02277648d+02 2.45676918d+02
2.91248506d+02 2.15679851d+01 1.45156339d+02
8.58827665d+01 9.37300981d+01 2.26342244d+02
2.16594415d+02 1.48717153d+02 3.04899022d+02
1.57690895d+02 8.13565277d+01 3.52190473d+02
3.07137734d+02 1.82430644d+01 3.25196826d+02
1.60354528d+02 1.69082608d+02 2.73651603d+02
2.75264384d+02 1.09684284d+02 6.86722282d+01
1.20807183d+01 8.36496584d+01 2.22857799d+01
1.48333053d+02 1.33729345d+02 3.53991418d+02
1.75036476d+02 8.63074969d+01 1.61335231d+02
3.22187327d+02 1.55287605d+01 3.02127462d+02
8.58163648d+01 9.37473150d+01 2.26236664d+02
1.78537866d+01 2.41691534d+01 1.89159019d+02
1.91795787d+02 1.69952530d+02 5.89030976d+00
6.26580582d+01 1.00232823d+02 1.52075314d+02
7.81554469d+00 9.39984302d+01 1.41096694d+02
3.53445380d+02 2.60957324d+01 1.13605381d+02
8.39368846d+01 1.06637808d+02 1.52751067d+02
4.29641634d+01 9.06233186d+01 1.51371137d+02
9.77848013d+01 9.91598272d+01 1.58664932d+02
2.38890926d+02 1.52708728d+02 1.85861089d+02
2.21830083d+02 1.49843418d+02 1.79702662d+02
1.14970786d+02 3.95028713d+01 2.10668108d+02
2.82453841d+02 1.45628549d+02 2.44245479d+02
2.73957216d+02 8.39598699d+01 2.04498420d+02
9.50457743d+01 3.62576187d+01 3.57069927d+02
9.12825263d+00 8.58618872d+01 1.07142536d+02
7.83249963d+01 1.00904764d+02 3.43029852d+02
1.13940002d+02 1.26029526d+02 3.44967179d+02
3.57313381d+02 8.21254444d+01 1.50108125d+01
5.72561577d+01 5.45900351d+01 1.64235424d+02
2.30729160d+02 1.53071475d+02 9.08522429d+01
6.55138736d+01 9.45022295d+01 3.25488011d+02
1.93030306d+02 8.91390205d+01 1.66296535d+02
2.15541987d+02 9.89795174d+01 2.20955629d+02
1.63961291d+02 8.73345098d+01 2.41243660d+02
5.69300965d+01 7.46271235d+01 2.18333269d+01
1.13966716d+01 9.60354496d+01 1.04939545d+02
2.77803983d+02 1.36708278d+02 8.69913348d+01
2.74996777d+02 1.31631133d+01 1.61275746d+02
7.64463395d+01 9.65532577d+01 1.61259695d+02
2.42011566d+02 1.21557839d+02 9.06546241d+01
3.34091786d+02 1.99164463d+01 1.13174918d+02
3.31578690d+02 1.85776019d+01 9.85999424d+01
3.34923771d+02 1.77713603d+01 1.19535815d+02
2.96539799d+02 1.39806111d+02 7.83528253d+01
2.42108776d+02 8.14116018d+01 5.54042494d+01
3.16737913d+02 2.72628627d+01 2.66827060d+02
2.42412134d+02 1.42189015d+02 1.78000298d+02
1.13567708d+02 1.27206444d+02 3.44772017d+02
8.75154835d+01 9.13813391d+01 1.69164249d+02
7.21741532d+01 9.88581078d+01 1.57444458d+02
2.51212355d+02 1.40550563d+02 1.79272741d+02
3.24046660d+02 2.84965101d+01 2.24954903d+02
2.33832354d+02 8.21631035d+01 2.20986223d+02
2.94635062d+02 1.38790775d+01 1.56226218d+02
2.24437749d+01 9.33238319d+01 1.45066669d+02
7.25267352d+01 1.75959951d+02 2.70731425d+02
1.12264422d+02 1.26595574d+02 3.32569443d+00
3.30276304d+01 9.50439609d+01 1.43523747d+02
6.53837045d+01 9.53697070d+01 1.53861466d+02
2.24089364d+02 1.60681533d+02 1.74108466d+02
1.66948724d+02 9.63405329d+01 1.79349561d+02
3.87722388d+01 7.56175578d+01 4.31348085d+01
1.92070066d+02 1.66223587d+02 3.51015200d+01
2.77499152d+02 2.78935049d+01 5.24715357d+01
4.86510243d+01 8.90596389d+01 1.30206297d+02
1.53400088d+02 1.64785079d+02 5.62343334d+01
2.95518631d+02 3.33430822d+01 4.06324324d+00
2.35457073d+02 1.63975751d+02 1.72801507d+02
2.53281172d+02 1.34131787d+02 9.68091573d+01
5.80609778d+00 8.91444260d+01 1.49920591d+02
6.25120354d+01 8.55492723d+01 3.16217744d+02
2.38542395d+02 2.60578324d+01 6.86251430d+01
1.62280130d+02 9.33597584d+01 2.41590332d+02
1.88639063d+02 1.43927952d+02 1.04063257d+01
1.23130053d+01 8.62048738d+01 1.29121146d+02
7.27070705d+01 8.59307291d+01 1.69351590d+02
1.75229918d+02 9.63920527d+01 1.68683255d+02
2.46216470d+02 1.55203171d+02 5.39411271d+01
2.10745454d+02 1.35080141d+02 7.68907113d+01
9.79899281d+01 1.50254059d+02 3.54460810d+02
9.02553578d+01 7.71474631d+01 1.53503216d+02
3.06570070d+02 2.92740953d+01 5.98851237d+01
4.88064986d+01 2.19216517d+01 1.76639389d+02
2.66079580d+02 8.21491564d+01 3.49596340d+01
9.02110926d+01 1.49690149d+02 3.49510101d+02
1.75983193d+02 1.65225897d+02 2.04108623d+02
2.56070105d+02 1.33139973d+02 2.56419476d+02
3.33837011d+02 8.51699515d+01 6.51062344d+01
3.36420639d+02 7.64395115d+01 6.36154511d+01
3.34132910d+02 8.48339448d+01 6.49388017d+01
1.78391526d+01 3.60675176d+01 1.76917129d+02
1.95403025d+02 9.97238525d+01 2.25649751d+02
2.16290891d+01 1.00665842d+02 3.45272074d+02
2.25054121d+01 9.08425513d+01 1.65532376d+02
1.22714455d+02 1.33642688d+02 3.51647447d+02
9.81309582d+01 9.01765880d+01 2.38031965d+02
8.95091851d+01 9.99396681d+01 2.40320011d+02
1.43787368d+01 3.14033307d+01 1.88818553d+02
2.48079259d+02 1.30078088d+02 2.72812942d+02
3.48520429d+02 1.02012102d+02 8.39163441d+01
7.76533037d+01 1.03984332d+02 3.40183387d+02
2.43396115d+02 1.28397972d+02 2.67548221d+02
3.13630195d+02 4.01366523d+01 8.50543013d+01
4.06820203d+01 9.68989012d+01 1.70360402d+02
4.55757355d+01 2.71519870d+01 2.39179803d+02
4.53995703d+01 2.65825308d+01 1.89742045d+02
6.69855636d+01 2.29898362d+01 2.57579686d+02
2.33833222d+02 1.69019227d+02 6.25519246d+01
1.05399644d+02 1.28621410d+02 2.42244837d+02
1.38568410d+02 9.30285522d+01 2.13406721d+02
2.96991580d+02 8.32593988d+01 5.88438984d+01
2.78072017d+02 8.97646275d+01 2.11891961d+02
3.03175259d+02 5.20970764d+01 8.87415352d+01
2.02445352d+02 8.52036633d+01 1.58694552d+02
2.32376806d+02 6.84594861d+01 1.57891876d+02
4.86360336d+01 4.09211399d+01 8.84017603d+01
3.31414062d+02 2.79283209d+00 2.98441783d+02
7.09459914d+01 8.82113318d+01 2.32895961d+02
9.72367020d+01 1.00415542d+02 1.64604813d+02
5.91623548d+00 2.99750685d+01 1.89012954d+02
2.01218767d+00 8.20596256d+01 1.70639362d+02
3.09466949d+01 2.89079406d+01 1.77328869d+02
4.62160963d+01 2.49207720d+01 2.04789699d+02
2.21342184d+02 9.02424094d+01 2.23285183d+02
1.68761747d+02 8.81291742d+01 1.78621532d+02
6.75037067d+01 2.45419245d+01 1.77159649d+02
1.88921725d+02 7.80982688d+01 8.88940487d+01
8.14979142d+01 7.79253198d+01 3.78901177d+00
1.77906929d+02 8.07297151d+01 1.66963715d+02
3.42017245d+02 2.47743854d+01 1.99065318d+02
6.51289781d+01 1.11166304d+02 3.48050371d+02
3.16054107d+02 2.29363326d+01 6.34907487d+00
5.25732147d+01 3.93712006d+01 1.84748002d+02
1.94797270d+02 1.51028630d+02 8.56302704d+01
2.01192334d+02 1.50744124d+02 5.19636526d+00
4.75646202d+00 8.38334922d+01 3.54105772d+02
4.65651326d+01 9.03653705d+01 1.40101100d+02
2.25314975d+02 1.45170785d+02 1.79888382d+02
9.51729910d+01 1.03743951d+02 1.33402433d+02
9.01990623d+01 9.98829977d+01 3.45860047d+02
2.37272263d+02 1.09630837d+02 1.81747124d+02
1.86267778d+01 1.10589563d+02 1.53108523d+02
8.30360450d+01 9.09916359d+01 3.52840647d+02
3.38667431d+02 2.56890705d+01 2.06123878d+02
4.59232790d+01 4.69703791d+01 1.91471632d+02
1.56595962d+02 1.08786784d+02 2.05925818d+02
3.19100825d+02 9.57750669d+01 5.29675990d+01
3.49270843d+02 2.12889561d+01 1.14860785d+02
3.40458951d+02 1.14050227d+02 9.79059311d+01
1.51251750d+02 1.57241129d+02 5.77359968d+01
1.39245638d+01 1.05310012d+02 3.37725940d+02
1.95496208d+02 1.55939304d+02 2.59152095d+01
1.86894095d+02 1.47615637d+02 8.46436493d+01
2.16369316d+02 1.37972074d+02 9.40953639d+01
8.35228521d+01 1.02204472d+02 1.66774144d+02
1.70799051d+02 9.19162807d+01 3.15179179d-01
2.12065478d+02 9.85740918d+01 4.06878890d+01
4.27320303d+01 2.45422656d+01 1.79588426d+02
2.61924676d+02 9.66924376d+01 6.52555108d+01
3.26529063d+02 1.56101191d+02 2.43856503d+02
3.56175798d+00 9.88721275d+01 1.59774886d+02
2.56374930d+02 1.19537869d+02 2.63858415d+02
1.65147099d+02 7.64338710d+01 1.71812202d+02
2.10826038d+02 8.90426347d+01 4.51811874d+01
1.81039441d+02 5.60300339d+01 8.80752339d+01
2.33712895d+02 8.46789967d+01 7.80012888d+01
2.23454040d+02 8.81033857d+01 4.29777020d+01
1.77829749d+02 8.00913100d+01 1.66555776d+02
3.44555122d+00 9.87308393d+01 3.39799475d+02
9.32856626d+01 1.49213850d+02 3.35618218d+02
8.54567209d+01 1.06913771d+02 3.35140070d+02
2.86388192d+02 8.61525312d+01 2.34018776d+02
1.23705001d+02 1.33537149d+02 3.92960676d+00
2.18581216d+02 1.33397275d+02 9.16380779d+01
3.38982633d+02 4.90918633d+01 2.60450594d+02
3.35160535d+02 1.91527931d+01 1.26938104d+02
1.40553033d+02 1.01416361d+02 2.00236510d+02
2.01223673d+01 8.65316570d+01 3.53470583d+02
1.42324450d+02 1.04209243d+02 3.45137901d+02
1.21354133d+02 1.41880487d+02 2.13654742d+02
1.33662678d+01 3.01052873d+01 1.72065970d+02
1.77562427d+02 8.05002059d+01 1.66944398d+02
2.05384789d+02 8.82590679d+01 1.34459329d+02
2.74160070d+02 9.21369226d+01 2.73846595d+02
2.96819731d+02 8.01444697d+01 2.51969632d+02
9.34285989d+00 3.15093556d+01 2.10868589d+02
2.48431186d+02 1.32519818d+02 2.70365431d+02
1.74696993d+01 5.88327284d+01 5.30663535d+01
1.06225379d+02 4.33864140d+01 1.78557468d+02
1.64407555d+02 7.77432178d+01 3.57489873d+02
1.28985036d+02 1.64595178d+02 3.60939633d+01
1.76219915d+01 5.87419366d+01 5.30587973d+01
6.62494493d+01 1.11023205d+02 3.45923253d+02
3.21548490d+02 1.14051598d+02 7.37327183d+01
1.45217741d+01 8.30568609d+01 2.11007991d+02
2.39926411d+02 1.48009733d+02 1.83191848d+02
2.35773890d+02 1.46302496d+02 9.04444432d+01
5.96189665d+00 2.61729283d+01 2.04696509d+02
5.55465425d+01 8.87660562d+01 3.04350683d+02
3.02346062d+02 2.03365581d+01 1.65969467d+02
8.81022709d+00 7.79809378d+01 5.44426182d+00
2.57222198d+02 9.12233079d+01 2.47212493d+02
9.12816711d+01 5.18855621d+01 1.70778431d+02
2.57057562d+02 9.13401380d+01 2.46889617d+02
1.76487834d+02 9.36206253d+01 1.88436405d+02
1.76282715d+02 1.05777130d+02 1.93050613d+02
1.06074072d+02 8.63114855d+01 1.19863090d+02
2.22071533d+02 7.54802597d+01 1.73462618d+02
1.72892284d+01 3.34828417d+01 1.77436226d+02
2.55421263d+02 1.57659608d+02 2.25520389d+02
2.87582795d+02 1.40438883d+02 8.81284204d+01
3.03718315d+02 2.03127007d+01 1.35168195d+02
1.79126412d+02 9.46652892d+01 1.72492993d+02
1.47577053d+02 1.42386003d+02 5.89675837d+01
1.91746383d+02 1.55582628d+02 4.04112325d+00
1.71097454d+01 9.23578371d+01 3.35238433d+02
2.15256793d+02 9.23046129d+01 4.58969847d+01
4.48451512d+01 1.99837726d+01 9.49512714d+01
8.07278519d+01 9.96980125d+01 1.53677903d+02
6.55463499d+00 8.56273781d+01 3.38725917d+02
8.42301133d+01 9.72990752d+01 1.67989542d+02
3.08990968d+02 1.89983228d+01 1.44127181d+02
1.16128752d+02 3.90255796d+01 1.76248178d+02
2.00550195d+02 9.19012667d+01 1.50533571d+02
2.26169397d+02 9.17120612d+01 4.28462591d+01
3.06669047d+02 4.71839848d+01 3.57814401d+02
2.15440222d+02 8.06853388d+01 1.59777090d+02
1.87546841d+01 7.95760338d+01 3.58453435d+01
2.78931092d+01 1.05325809d+02 1.63559968d+02
1.91736972d+02 6.51227118d+01 1.72281543d+02
3.30812141d+02 8.27737477d+01 3.96335314d+01
2.73349740d+02 9.34810888d+01 2.77380618d+01
3.22525244d+02 9.15542878d+01 6.99123138d+01
1.65587470d+02 9.14661582d+01 2.48032117d+02
2.98320083d+02 1.39354497d+02 9.10211831d+01
3.42876086d+02 8.67130383d+01 6.97876372d+01
3.52104772d+02 2.42489761d+01 2.12843161d+02
2.10342740d+02 1.63450037d+02 1.94794437d+01
1.17708030d+02 1.28563041d+02 3.51081426d+02
3.06128059d+02 4.01684826d+01 2.71794114d+02
2.62116348d+02 2.50193199d+01 1.53740926d+02
3.49861469d+02 2.48479312d+01 1.90809493d+02
2.44759139d+02 8.61506943d+01 2.39111205d+02
2.93692668d+02 8.78014631d+01 2.39325504d+02
2.56152943d+02 1.75292227d+02 1.69935445d+02
2.46459121d+02 1.48093406d+02 1.83381446d+02
1.11814116d+02 1.19224136d+02 3.50995478d+02
6.69160358d+01 1.02764424d+02 3.45201899d+02
3.91750398d+01 1.20314616d+01 2.20045734d+02
1.17853293d+02 1.28446472d+02 3.51350350d+02
3.22331025d+02 9.04673258d+01 5.52932920d+01
2.93288838d+02 7.61071179d+01 6.94155987d+01
1.72502823d+02 9.87905130d+01 2.32884562d+02
1.72327198d+02 9.89676111d+01 2.32904107d+02
2.92137217d+02 1.60073332d+02 2.11697927d+02
2.91616622d+02 1.59640944d+02 2.11099206d+02
2.91374868d+02 1.59853067d+02 2.10664679d+02
